<?xml version="1.0"?>
<opencv_storage>
<calibration_time>"Fri 04 Nov 2016 02:31:56 PM CST"</calibration_time>
<nr_of_frames>20</nr_of_frames>
<image_width>960</image_width>
<image_height>720</image_height>
<board_width>8</board_width>
<board_height>6</board_height>
<square_size>28.</square_size>
<fix_aspect_ratio>1.</fix_aspect_ratio>
<!-- flags: +fix_aspectRatio +fix_principal_point +zero_tangent_dist -->
<flags>6158</flags>
<fisheye_model>0</fisheye_model>
<camera_matrix type_id="opencv-matrix">
  <rows>3</rows>
  <cols>3</cols>
  <dt>d</dt>
  <data>
    9.8528404694948904e+02 0. 4.7950000000000000e+02 0.
    9.8528404694948904e+02 3.5950000000000000e+02 0. 0. 1.</data></camera_matrix>
<distortion_coefficients type_id="opencv-matrix">
  <rows>5</rows>
  <cols>1</cols>
  <dt>d</dt>
  <data>
    1.3968132093159025e-01 -1.1809517271000756e-01 0. 0.
    -1.0718213007221040e+00</data></distortion_coefficients>
<avg_reprojection_error>6.4787844943278949e-01</avg_reprojection_error>
<per_view_reprojection_errors type_id="opencv-matrix">
  <rows>20</rows>
  <cols>1</cols>
  <dt>f</dt>
  <data>
    2.57860065e-01 6.68063223e-01 8.24671268e-01 7.34762192e-01
    7.29971230e-01 5.69385111e-01 3.99223924e-01 4.80003595e-01
    6.02581561e-01 3.61844659e-01 6.02937758e-01 7.00248778e-01
    7.05549955e-01 5.88336289e-01 5.13520479e-01 3.63282263e-01
    1.13420260e+00 6.34252071e-01 8.03034067e-01 7.03021944e-01</data></per_view_reprojection_errors>
<extrinsic_parameters type_id="opencv-matrix">
  <rows>20</rows>
  <cols>6</cols>
  <dt>d</dt>
  <data>
    -1.2549634464150538e-02 2.4127716448560817e-02
    -1.4540723627587944e-02 -1.1345621995932042e+02
    -7.7672257110259096e+01 4.0040595664959841e+02
    -3.8416488510353225e-01 -6.7494708389871316e-02
    -2.9907935538977196e-02 -9.2744754555683414e+01
    -9.2213639105817975e+01 4.1976367679106721e+02
    -5.7546537708810086e-01 -7.0060868735044468e-02
    -5.7366186789568910e-02 -1.0501070472276713e+02
    -7.6819783652836762e+01 4.0064138579287265e+02
    -7.4596542282070055e-01 -7.1127944623312372e-02
    -4.7622512862125259e-02 -1.0254626068951123e+02
    -8.6656494938580479e+01 3.9645371337803374e+02
    -9.9449529149184812e-01 -4.2660829345347887e-02
    -6.1009926039016338e-02 -1.1288404806506031e+02
    -7.7054782246923892e+01 4.1507890871143383e+02
    -5.1583901458278891e-01 4.3486217544484690e-01
    1.4959326723446495e+00 4.6939295654101315e+01
    -1.2634061785507012e+02 4.6997642295903910e+02
    -6.1607942424329498e-01 5.6471308579095247e-01
    1.4655474763576470e+00 5.8575407659100165e+01
    -1.2369491496833814e+02 4.8999112151051418e+02
    -6.8686702757231455e-01 6.6022192643687372e-01
    1.4525202915345290e+00 6.0775728927183351e+01
    -1.1465365390045679e+02 4.6071353129394862e+02
    -7.3541317564583708e-01 -7.4543650156110530e-01
    -1.4432377930461955e+00 -7.2925176712316642e+01
    5.3773028803686707e+00 2.7107292506523885e+02
    -6.2244888503779183e-02 2.3719595101276078e-01
    -1.7590265089140404e-02 -1.3266305449985103e+02
    -7.2165927303043489e+01 4.5891688000568860e+02
    -7.6175102801771322e-01 -7.8986977385063084e-01
    -1.4267562975381440e+00 -7.5905818800738885e+01
    2.1235712117797640e+01 3.1245025478639502e+02
    -7.8038874868067809e-01 1.4582328612244064e-01
    4.8434158875452088e-01 -6.0162891621084341e+01
    -1.2081718603662507e+02 5.0173404753592877e+02
    -5.2285077306620975e-01 8.9874809707766373e-02
    4.6996074930865533e-01 -5.1194134368058741e+01
    -1.3312572593386832e+02 4.5403623414579988e+02
    -5.0552645483883862e-01 -8.1695706672675852e-02
    -1.6379340944334370e-01 -1.1090954382836206e+02
    -8.3102019944038787e+01 3.9211781680388316e+02
    -5.4666733018717217e-01 -3.9254396923410517e-01
    -1.1473639472653467e+00 -1.0578165531155850e+02
    2.0902982968705803e+01 3.6068701021033183e+02
    -9.5531313911948956e-01 3.6334224047559577e-01
    6.3005588564425219e-01 -4.1337012593624770e+01
    -8.9028140485112672e+01 4.7751557145415586e+02
    -9.0300819813340705e-01 -7.4780207340697943e-02
    -1.2567849482518509e-01 -1.1429041722311821e+02
    -6.9945110177820780e+01 4.4222683697852136e+02
    -7.8768823937995902e-01 -4.1983598431213870e-01
    -8.7382183307179695e-01 -9.9779100574448620e+01
    -2.8314552244536912e+01 3.3322491271366357e+02
    -7.1166378403656672e-01 6.0837576494503842e-01
    1.3721162801367637e+00 4.6860703761668233e+01
    -1.0890253402108931e+02 4.4188265324639963e+02
    -7.7063454869486725e-01 3.1282569492103529e-01
    6.4749850911854523e-01 -4.2565513489007380e+01
    -1.1794605580692186e+02 4.4972972827406358e+02</data></extrinsic_parameters>
