<?xml version="1.0"?>
<opencv_storage>
<calibration_time>"Thu 27 Oct 2016 05:52:11 PM CST"</calibration_time>
<nr_of_frames>3</nr_of_frames>
<image_width>614</image_width>
<image_height>460</image_height>
<board_width>8</board_width>
<board_height>6</board_height>
<square_size>28.</square_size>
<fix_aspect_ratio>1.</fix_aspect_ratio>
<!-- flags: +fix_aspectRatio +fix_principal_point +zero_tangent_dist -->
<flags>6158</flags>
<fisheye_model>0</fisheye_model>
<camera_matrix type_id="opencv-matrix">
  <rows>3</rows>
  <cols>3</cols>
  <dt>d</dt>
  <data>
    6.3700358678212456e+02 0. 3.0650000000000000e+02 0.
    6.3700358678212456e+02 2.2950000000000000e+02 0. 0. 1.</data></camera_matrix>
<distortion_coefficients type_id="opencv-matrix">
  <rows>5</rows>
  <cols>1</cols>
  <dt>d</dt>
  <data>
    3.6407074247652466e-01 -2.3059378440075298e+00 0. 0.
    5.0349204214174827e+00</data></distortion_coefficients>
<avg_reprojection_error>5.0777109380770225e-01</avg_reprojection_error>
<per_view_reprojection_errors type_id="opencv-matrix">
  <rows>3</rows>
  <cols>1</cols>
  <dt>f</dt>
  <data>
    5.22132754e-01 5.92748225e-01 3.86679947e-01</data></per_view_reprojection_errors>
<extrinsic_parameters type_id="opencv-matrix">
  <rows>3</rows>
  <cols>6</cols>
  <dt>d</dt>
  <data>
    5.4258582272860685e-02 -1.6461478858370630e-02
    8.4153859257501983e-04 -9.9594535063045058e+01
    -6.8334118403239074e+01 2.9937497448781693e+02
    2.0423786816840950e-01 -7.1388631786959717e-03
    -3.3615568883007541e-03 -1.0273108166442377e+02
    -5.7262923074667711e+01 2.9100677033061311e+02
    -5.9073741476322897e-02 -2.8633276294251043e-02
    1.1491764732388535e-02 -9.4149137312348827e+01
    -7.3567097856014499e+01 2.9575699056484740e+02</data></extrinsic_parameters>
<image_points type_id="opencv-matrix">
  <rows>3</rows>
  <cols>48</cols>
  <dt>"2f"</dt>
  <data>
    8.95149155e+01 8.06159134e+01 1.51187332e+02 8.11657410e+01
    2.12520477e+02 8.19425659e+01 2.72973541e+02 8.25350800e+01
    3.33104797e+02 8.29492950e+01 3.92861145e+02 8.31532516e+01
    4.52663574e+02 8.33072968e+01 5.12397156e+02 8.35007248e+01
    9.01845703e+01 1.42042999e+02 1.52317566e+02 1.42637039e+02
    2.13436691e+02 1.43299866e+02 2.73371674e+02 1.43711823e+02
    3.32614563e+02 1.43857910e+02 3.92129395e+02 1.43857330e+02
    4.51886353e+02 1.43684723e+02 5.11180298e+02 1.43803497e+02
    9.22965240e+01 2.02858078e+02 1.53411987e+02 2.03054001e+02
    2.14278824e+02 2.03174545e+02 2.73495850e+02 2.03194183e+02
    3.32416382e+02 2.03264465e+02 3.91354797e+02 2.03373138e+02
    4.50862885e+02 2.03413498e+02 5.10699280e+02 2.03445999e+02
    9.40168152e+01 2.62723450e+02 1.54490509e+02 2.62603851e+02
    2.14676788e+02 2.62195953e+02 2.73599854e+02 2.61965576e+02
    3.32271515e+02 2.62011108e+02 3.90890137e+02 2.62255280e+02
    4.50352295e+02 2.62558411e+02 5.09842041e+02 2.62763000e+02
    9.54170380e+01 3.21631592e+02 1.55220551e+02 3.21416809e+02
    2.14903580e+02 3.20709686e+02 2.73645782e+02 3.20315063e+02
    3.32171448e+02 3.20377045e+02 3.90687805e+02 3.20755646e+02
    4.50111603e+02 3.21434662e+02 5.09212524e+02 3.21597412e+02
    9.62806854e+01 3.80404572e+02 1.55485992e+02 3.80245087e+02
    2.14728531e+02 3.79712341e+02 2.73556671e+02 3.79321716e+02
    3.32177826e+02 3.79312500e+02 3.90619659e+02 3.79507019e+02
    4.49591766e+02 3.80017059e+02 5.08385712e+02 3.80158203e+02
    7.60389786e+01 1.01411491e+02 1.39534256e+02 1.01450714e+02
    2.02944443e+02 1.01733734e+02 2.65349304e+02 1.02169281e+02
    3.27256866e+02 1.02176369e+02 3.88833649e+02 1.01768684e+02
    4.50612366e+02 1.01434082e+02 5.12447388e+02 1.01191589e+02
    8.01834106e+01 1.64422729e+02 1.43335312e+02 1.64302704e+02
    2.05546036e+02 1.64347794e+02 2.66495148e+02 1.64249527e+02
    3.26779877e+02 1.64104736e+02 3.87318939e+02 1.63897049e+02
    4.48135803e+02 1.63538513e+02 5.08525970e+02 1.63137970e+02
    8.55307617e+01 2.24465439e+02 1.46742661e+02 2.24317291e+02
    2.07926682e+02 2.23582169e+02 2.67482544e+02 2.23210022e+02
    3.26566772e+02 2.22856674e+02 3.85665771e+02 2.22929230e+02
    4.45522247e+02 2.22984665e+02 5.05670685e+02 2.22802414e+02
    9.04710388e+01 2.82125610e+02 1.50289734e+02 2.81657043e+02
    2.09932343e+02 2.80686523e+02 2.68431702e+02 2.80168976e+02
    3.26432892e+02 2.79914642e+02 3.84563110e+02 2.80275757e+02
    4.43433228e+02 2.80491394e+02 5.02457550e+02 2.80547516e+02
    9.48558350e+01 3.37471924e+02 1.53192352e+02 3.37177490e+02
    2.11567886e+02 3.36216309e+02 2.69207062e+02 3.35443359e+02
    3.26363586e+02 3.35373444e+02 3.83615936e+02 3.35634399e+02
    4.41606415e+02 3.36365723e+02 4.99453278e+02 3.36355652e+02
    9.85927353e+01 3.91519257e+02 1.55647934e+02 3.91283783e+02
    2.12877609e+02 3.90581604e+02 2.69628052e+02 3.90106720e+02
    3.26327606e+02 3.89839569e+02 3.82768250e+02 3.89928070e+02
    4.39662811e+02 3.90329376e+02 4.96413300e+02 3.90330048e+02
    9.93564987e+01 6.75576248e+01 1.61553162e+02 6.89950485e+01
    2.23507217e+02 7.06345291e+01 2.84511902e+02 7.19551468e+01
    3.45120361e+02 7.32398224e+01 4.05407318e+02 7.42491913e+01
    4.65445953e+02 7.53212509e+01 5.25237549e+02 7.64490891e+01
    9.69825439e+01 1.28386002e+02 1.60449692e+02 1.30029419e+02
    2.22706039e+02 1.31587662e+02 2.83731934e+02 1.32983597e+02
    3.44317444e+02 1.33828949e+02 4.04724945e+02 1.34472427e+02
    4.65670197e+02 1.34984146e+02 5.25589905e+02 1.36179642e+02
    9.60618973e+01 1.90391098e+02 1.59322891e+02 1.91337753e+02
    2.21978973e+02 1.92440460e+02 2.83015228e+02 1.93413940e+02
    3.43584839e+02 1.94226929e+02 4.04358948e+02 1.94741318e+02
    4.65618195e+02 1.95431000e+02 5.27047852e+02 1.96188232e+02
    9.47793579e+01 2.52590012e+02 1.58158371e+02 2.53208572e+02
    2.20886948e+02 2.53593109e+02 2.82308624e+02 2.54263504e+02
    3.43209717e+02 2.54859360e+02 4.04326904e+02 2.55600143e+02
    4.66034668e+02 2.56501617e+02 5.27647156e+02 2.57428986e+02
    9.32585144e+01 3.15217377e+02 1.56472229e+02 3.15496277e+02
    2.19534576e+02 3.15492615e+02 2.81394135e+02 3.15700378e+02
    3.42734039e+02 3.16429108e+02 4.04489807e+02 3.17421753e+02
    4.66760773e+02 3.18547485e+02 5.28512451e+02 3.19380707e+02
    9.10845566e+01 3.78621704e+02 1.54440491e+02 3.79146027e+02
    2.17679489e+02 3.79211517e+02 2.80384888e+02 3.79355927e+02
    3.42574738e+02 3.79813019e+02 4.04781067e+02 3.80666138e+02
    4.67394928e+02 3.81635254e+02 5.29248718e+02 3.82207153e+02</data></image_points>
</opencv_storage>
